10,234
10,188
10,110
10,4
10,22
10,24
10,200
11,12
11,7
11,10
11,13
11,9
9,7
9,4
9,6
8,16
8,6
8,9
8,12
8,17
8,4
0,415
20,3
20,2
20,1
19,3
19,2
19,1
12,3
12,2
12,1
11,28
11,27
11,26
11,25
11,24
11,23
11,22
11,21
11,20
11,19
11,18
11,16
11,8
11,6
11,3
11,2
11,1
10,303
10,302
10,301
10,300
10,299
10,298
10,297
10,296
10,295
10,294
10,293
10,292
10,291
10,290
10,289
10,288
10,287
10,286
10,285
10,284
10,283
10,282
10,281
10,280
10,279
18,1
10,278
18,3
10,277
10,276
10,275
10,274
14,1
10,273
14,3
13,1
10,272
13,3
10,271
10,270
10,269
10,268
10,267
10,266
